$ANSIBLE_VAULT;1.1;AES256
62316561613533313332643766383733376663353166356636343438333637393838363533623730
3662643663363235333664613736386566396231666436330a396162366666353333343166646134
39643931633862663461663864666436646631623238366536316532616533333439363136376335
6332323434313432640a656131346136303630643431396536373635383430613832663132636365
39343266323637306639343564363338323534303033326630616335303164353132333635356334
63376365376237633738656564383733383332616439386666636230656239343661663536313038
34383736386163366330316561643437343164303832333636636634363538353166373534663461
66323437376236383438333435373562653666393635386236356134646563323230396236326237
66616662653365373866633964656630373466383433616130333266613834343331393930643432
37396535613137396438363466383965663962306632396261623162316662633865663432666339
62616639393034633339666566336436306134326330613936303864303266656264356430386433
38373162393466373265623830623863306332356432323039363834666666633362366266316434
65376334306565383237363837343063316662383630363761373235316464313337653462656334
6530323332626332636132333139383333646666333538326461
